Alabama	2323304,Donald Trump-0.6203096968799606,Joe Biden-0.36570676932506463,Other-0.013983533794974743,361226
Alaska	359530,Donald Trump-0.5281673295691597,Joe Biden-0.4266820571301421,Other-0.13364392401190442,46740
Arizona	3387326,Donald Trump-0.4905598103046474,Joe Biden-0.49364690614366613,Other-0.015793283551686493,523829
Arkansas	1219069,Donald Trump-0.6239572985614432,Joe Biden-0.34775061953014963,Other-0.028292081908407152,225138
California	17495906,Donald Trump-0.3432780788831399,Joe Biden-0.6349922090345022,Other-0.02172971208235801,2307860
Colorado	3256953,Donald Trump-0.4189827117554352,Joe Biden-0.5540000116673468,Other-0.02701727657721803,335579
Connecticut	1824280,Donald Trump-0.3920949634924463,Joe Biden-0.5923871335540597,Other-0.015517902953493982,185708
Delaware	504010,Joe Biden-0.5878216702049562,Donald Trump-0.39801392829507354,Other-0.014164401499970239,57456
District of Columbia	344356,Donald Trump-0.05397321376714795,Joe Biden-0.9214969392140692,Other-0.02452984701878289,28983
Florida	11067456,Joe Biden-0.47861450725442234,Donald Trump-0.5121981962250404,Other-0.00918729652053733,1323307
Georgia	4997716,Donald Trump-0.49259581776955713,Joe Biden-0.4949526943907977,Other-0.01245148783964515,644065
Guam	8286
Hawaii	574469,Donald Trump-0.3426886394217965,Joe Biden-0.6373363923901899,Other-0.019974968188013628,21459
Idaho	868106,Joe Biden-0.33062897848880207,Donald Trump-0.6383079946458151,Other-0.031063026865382797,141388
Illinois	6038843,Donald Trump-0.4676269941112892,Joe Biden-0.7042993169386917,Other-0.022921940510789898,965840
Indiana	3033198,Donald Trump-0.5703063235568532,Joe Biden-0.40963201215350925,Other-0.020061664289637536,514455
Iowa	1690871,Donald Trump-0.5308932496920227,Joe Biden-0.44891715571442176,Other-0.02018959459355563,281712
Kansas	1375304,Donald Trump-0.5512235840221508,Joe Biden-0.4062149168474752,Other-0.023847818373246933,225455
Kentucky	2136768,Donald Trump-0.6208657186929044,Joe Biden-0.3615151481115404,Other-0.017619133195555158,268828
Louisiana	2148062,Donald Trump-0.5846088241400853,Joe Biden-0.39851456801526214,Other-0.01687660784465253,315275
Maine	819461,Donald Trump-0.43918990653612555,Joe Biden-0.5253123699602543,Other-0.028516305229901118,24201
Maryland	3037030,Joe Biden-0.6536066486007711,Donald Trump-0.32150291567748757,Other-0.024890435721741308,276834
Massachusetts	3631402,Donald Trump-0.3214191103050557,Joe Biden-0.6560006300596849,Other-0.02258025963525933,375178
Michigan	5539302,Joe Biden-0.5062081829082437,Donald Trump-0.4783729069113762,Other-0.015418910180380127,526668
Minnesota	3277171,Donald Trump-0.4528494240916937,Joe Biden-0.5239509930974001,Other-0.023199582810906113,415361
Mississippi	1315182,Donald Trump-0.575406293577619,Joe Biden-0.4101318296631189,Other-0.014461876759262216,215811
Missouri	3025962,Joe Biden-0.4140878173618836,Other-0.017915624849221504,Donald Trump-0.5679965577888949,418637
Montana	605750,Joe Biden-0.4041040033016921,Donald Trump-0.5672340074288073,Other-0.02866198926950062,81701
Nebraska	956379,Donald Trump-0.5822440685125876,Joe Biden-0.391667947539626,Other-0.02608798394778639,167795
Nevada	1405376,Donald Trump-0.4766624732455941,Joe Biden-0.5005678195728402,Other-0.022769707181565645,225165
New Hampshire	804430,Donald Trump-0.45455042701042975,Joe Biden-0.5282261974317218,Other-0.017223375557848416,44028
New Jersey	4564234,Donald Trump-0.41261556703709756,Joe Biden-0.5714726720847354,Other-0.01591176087816707,479381
New Mexico	923965,Donald Trump-0.43496669246129455,Joe Biden-0.5428928584957222,Other-0.02214044904298323,142897
New York	8613546,Donald Trump-0.3773393675496712,Joe Biden-0.6088091942621541,Other-0.013851438188174766,979040
North Carolina	5524801,Joe Biden-0.48586220571564476,Donald Trump-0.4993434152650928,Other-0.014794379019262413,541070
North Dakota	361819,Donald Trump-0.6511404873707572,Joe Biden-0.31756762359080093,Other-0.03129188903844187,92502
Northern Mariana Islands	122
Ohio	5922202,Joe Biden-0.45239338340705026,Donald Trump-0.5327130010087464,Other-0.014893615584203308,700380
Oklahoma	1560699,Donald Trump-0.6537327184806295,Joe Biden-0.32286174335986634,Other-0.02340553815950417,290936
Oregon	2374321,Donald Trump-0.4036724604634335,Joe Biden-0.5645331865404888,Other-0.031794352996077614,113929
Pennsylvania	6925255,Joe Biden-0.4996094728641761,Donald Trump-0.487817849306632,Other-0.01257267782919185,646060
Puerto Rico	109906
Rhode Island	517757,Donald Trump-0.3859667759199779,Joe Biden-0.5914164366681667,Other-0.019963032851318282,87949
South Carolina	2513329,Donald Trump-0.5511029395674024,Joe Biden-0.43430088142061785,Other-0.014596179011979729,307507
South Dakota	422609,Donald Trump-0.6176938967225024,Joe Biden-0.3560525213613529,Other-0.02625358191614471,99164
Tennessee	3054534,Donald Trump-0.6066221557854652,Joe Biden-0.3744967317436964,Other-0.018881112470838433,572579
Texas	11317911,Donald Trump-0.5204447181109659,Joe Biden-0.4646728534974343,Other-0.014882428391599829,1770527
Utah	158432595,1488289,Donald Trump-0.5812983902991959,Joe Biden-0.37646048583306063,Other-0.04224112386774343,276612
Vermont	367428,Donald Trump-0.3067376465593259,Joe Biden-0.6608641693066397,Other-0.032398184134034426,7412
Virgin Islands	2031
Virginia	4460524,Joe Biden-0.5410951717780242,Donald Trump-0.4399550366728214,Other-0.018949791549154316,349584
Washington	4087631,Donald Trump-0.3876697774334327,Joe Biden-0.5797030113530306,Other-0.03262721121353664,251064
West Virginia	794652,Joe Biden-0.29696521244519614,Donald Trump-0.6863155192461606,Other-0.01671926830864328,85334
Wisconsin	3297352,Donald Trump-0.488290300823206,Joe Biden-0.4945401643500603,Other-0.017169534826733696,520438
Wyoming	276765,Donald Trump-0.6993622748541181,Joe Biden-0.26553574332014523,Other-0.035101981825736636,44409
